16
0 0 1
18 0 0
38 0 0
58 0 1
0 12 0
18 12 0
38 12 0
58 12 0
0 24 0
18 24 0
38 24 0
58 24 0
0 36 0
18 36 0
0 48 0
18 48 0
20
0 4 210000000000 2
1 5 210000000000 4
2 6 210000000000 4
3 7 210000000000 4
4 5 210000000000 3
5 6 210000000000 3
6 7 210000000000 3
4 8 210000000000 2
5 9 210000000000 4
6 10 210000000000 4
7 11 210000000000 4
8 9 210000000000 1
9 10 210000000000 3
10 11 210000000000 4
8 12 210000000000 1
9 13 210000000000 1
12 13 210000000000 1
12 14 210000000000 1
13 15 210000000000 2
14 15 210000000000 3
8
1 15 6 25000 0.7854
3 5 5000 0 0
3 6 5000 0 0
3 16 9000 0 0
3 4 7000 0 0
1 19 0 55000 0
2 14 -320000 0 0
1 11 7.2 110000 0
1
8000 17000 0 7 14 17





#[type, element, a , størrelse 1, lok 2x/vinkel, lok 2y, størrelse2] (type 1 = punktlast, type 2 = moment, type 3 = fordelt, type 4 = ujevn) (lok2 om fordelt, vinkel om punkt)
#fyll resten med 0 om type 1 eller 2
#[1, element, a, størrelse, vinkel]
#[2, knutepunkt, størrelse]
#[3, element, størrelse]
#[4, element, størrelse i ende 2]
